
# Weighted sum of Dirac Measures 


```julia
using TensorDec
```

Series with 3 variables


```julia
x = @ring x1 x2 x3
n = length(x)
r = 4;
```

Random weights in $[0,1]$


```julia
w0 = rand(Float64,r)
```




    4-element Array{Float64,1}:
     0.6308609898499515 
     0.326614594326317  
     0.24418431770517324
     0.902131618989986  



Random points in $[0,1]^n$


```julia
Xi0 = rand(Float64,n,r)
```




    3×4 Array{Float64,2}:
     0.285627   0.299149   0.623578   0.788262
     0.764699   0.220441   0.0971229  0.347306
     0.0403261  0.0871486  0.872984   0.350073



Moment function of the sum of the Dirac measures of the points $\Xi_0$ with weights $\omega_0$ and its generating series up to degree 3.


```julia
mt = moment(w0, Xi0)
s = series(mt, monoms(x, 3))
```




    0.3976519024076721dx1*dx3 + 0.8914495800735662dx2 + 0.5828854654095388dx3 + 0.42109418444479796dx1*dx2 + 0.20141705041339703dx3^3 + 0.056364224007887084dx2^2dx3 + 0.5245111940980581dx1^3 + 0.3236165482022441dx2^3 + 0.15611579513794016dx2*dx3 + 0.24970336674588384dx1^2dx2 + 0.10680334918443321dx1*dx2*dx3 + 0.7361936281563402dx1^2 + 0.3001570792974954dx3^2 + 1.1412820650667297dx1 + 0.4958965659032416dx2^2 + 0.2837458316893991dx1^2dx3 + 0.20422702889013872dx1*dx3^2 + 0.19732959690948798dx1*dx2^2 + 0.05780251522591058dx2*dx3^2 + 2.103791520871428



Decomposition of the series from its terms up to degree 3.


```julia
w, Xi = decompose(s);
```


```julia
w
```




    4-element Array{Float64,1}:
     0.24418431770517385
     0.902131618989982  
     0.32661459432631196
     0.6308609898499578 




```julia
Xi
```




    3×4 Array{Float64,2}:
     0.623578   0.788262  0.299149   0.285627 
     0.0971229  0.347306  0.220441   0.764699 
     0.872984   0.350073  0.0871486  0.0403261


